7
1 5
0 4
1 3
2 7
3 9
4 5
1 1
10 10
10 0 11 0 12 0 13 0 14 1 15 1 16 1 17 1 18 1 19 1 
11 0 12 0 13 0 14 3 15 3 16 3 17 1 18 1 19 1 20 1
12 0 13 0 14 0 15 3 16 3 17 3 18 3 19 1 20 1 20 1 
13 2 14 2 15 2 16 3 17 3 18 3 19 3 20 3 20 1 20 1
14 2 15 2 16 2 17 3 18 3 19 3 20 3 20 4 20 4 20 1
15 2 16 2 17 2 18 3 19 3 20 3 20 4 20 4 20 4 20 4
16 2 17 2 18 2 19 3 20 3 20 3 20 4 20 4 19 4 18 4
17 2 18 2 19 3 20 3 20 3 20 3 20 4 19 4 18 4 17 4
18 2 19 2 20 3 20 3 20 3 20 4 19 4 18 4 17 4 16 4
19 2 20 2 20 3 20 3 20 4 19 4 18 4 17 4 16 4 15 4